7450-980919
OS REV: 1.05 Sensor Cal: 1624979108
Time (sec),  BV (Volts),  T (deg C),  DO (mg/l),  Q ()
1684827120,+2.70,+30.543, +7.295,+0.956
1684827180,+2.70,+30.872, +7.274,+0.956
1684827240,+2.70,+31.307, +7.249,+0.954
1684827300,+2.70,+31.821, +7.190,+0.954
1684827360,+2.70,+32.477, +7.119,+0.952
1684827420,+2.70,+33.172, +7.022,+0.951
1684827480,+2.70,+33.799, +6.950,+0.950
1684827540,+2.70,+34.207, +6.812,+0.947
1684827600,+2.70,+33.799, +7.302,+0.948
1684827660,+2.70,+33.348, +7.530,+0.949
1684827720,+2.70,+33.031, +8.163,+0.950
1684827780,+2.70,+32.785, +7.782,+0.939
1684827840,+2.70,+32.609, +7.823,+0.940
1684827900,+2.70,+32.495, +7.509,+0.944
1684827960,+2.70,+32.398, +7.591,+0.944
1684828020,+2.70,+32.346, +7.570,+0.946
1684828080,+2.70,+32.311, +7.516,+0.946
1684828140,+2.70,+32.293, +7.416,+0.948
1684828200,+2.70,+32.249, +7.342,+0.948
1684828260,+2.70,+32.241, +7.412,+0.949
1684828320,+2.70,+32.232, +7.361,+0.949
1684828380,+2.70,+32.232, +7.407,+0.950
1684828440,+2.70,+32.223, +7.330,+0.950
1684828500,+2.70,+32.232, +7.229,+0.951
1684828560,+2.70,+32.232, +7.199,+0.951
1684828620,+2.70,+32.232, +7.269,+0.950
1684828680,+2.70,+32.223, +7.187,+0.952
1684828740,+2.70,+32.249, +7.172,+0.952
1684828800,+2.70,+32.197, +7.169,+0.953
1684828860,+2.70,+32.223, +7.150,+0.953
1684828920,+2.70,+32.206, +7.129,+0.953
1684828980,+2.70,+32.206, +7.112,+0.954
1684829040,+2.70,+32.214, +7.128,+0.953
1684829100,+2.70,+32.223, +7.137,+0.953
1684829160,+2.70,+32.223, +7.174,+0.953
1684829220,+2.70,+32.223, +7.256,+0.953
1684829280,+2.70,+32.214, +7.201,+0.953
1684829340,+2.70,+32.214, +7.171,+0.953
1684829400,+2.70,+32.223, +7.121,+0.953
1684829460,+2.70,+32.223, +7.084,+0.954
1684829520,+2.70,+32.206, +7.092,+0.954
1684829580,+2.70,+32.223, +7.073,+0.953
1684829640,+2.70,+32.223, +7.054,+0.955
1684829700,+2.70,+32.241, +7.011,+0.955
1684829760,+2.70,+32.232, +6.958,+0.955
1684829820,+2.70,+32.214, +6.961,+0.956
1684829880,+2.70,+32.214, +6.955,+0.954
1684829940,+2.70,+32.188, +6.972,+0.956
1684830000,+2.70,+32.206, +6.983,+0.955
1684830060,+2.70,+32.223, +6.953,+0.955
1684830120,+2.70,+32.206, +6.932,+0.955
1684830180,+2.70,+32.223, +6.921,+0.955
1684830240,+2.70,+32.214, +6.966,+0.955
1684830300,+2.70,+32.188, +6.964,+0.955
1684830360,+2.70,+32.206, +6.970,+0.955
1684830420,+2.70,+32.232, +6.979,+0.956
1684830480,+2.70,+32.214, +6.974,+0.955
1684830540,+2.70,+32.223, +6.972,+0.955
1684830600,+2.70,+32.197, +6.983,+0.954
1684830660,+2.70,+32.223, +7.003,+0.954
1684830720,+2.70,+32.214, +7.001,+0.954
1684830780,+2.70,+32.241, +6.991,+0.954
1684830840,+2.70,+32.223, +7.003,+0.955
1684830900,+2.70,+32.241, +6.949,+0.954
1684830960,+2.70,+32.214, +6.971,+0.954
1684831020,+2.70,+32.223, +6.996,+0.956
1684831080,+2.70,+32.232, +6.987,+0.954
1684831140,+2.70,+32.223, +7.057,+0.955
1684831200,+2.70,+32.249, +7.118,+0.954
1684831260,+2.70,+32.267, +7.183,+0.954
1684831320,+2.70,+32.319, +7.439,+0.954
1684831380,+2.70,+32.381, +7.457,+0.954
1684831440,+2.70,+32.425, +7.465,+0.954
1684831500,+2.70,+32.469, +7.620,+0.953
1684831560,+2.70,+32.486, +7.505,+0.953
1684831620,+2.70,+32.521, +7.524,+0.953
1684831680,+2.70,+32.583, +6.942,+0.953
1684831740,+2.70,+32.530, +6.931,+0.953
1684831800,+2.70,+32.346, +6.971,+0.953
1684831860,+2.70,+32.136, +6.993,+0.953
1684831920,+2.70,+32.057, +6.994,+0.953
1684831980,+2.70,+31.943, +7.037,+0.953
1684832040,+2.70,+31.856, +7.044,+0.954
1684832100,+2.70,+31.873, +7.013,+0.954
1684832160,+2.70,+31.900, +7.017,+0.953
1684832220,+2.70,+31.969, +7.000,+0.954
1684832280,+2.70,+32.022, +6.998,+0.954
1684832340,+2.70,+32.136, +6.983,+0.954
1684832400,+2.70,+32.188, +6.973,+0.953
1684832460,+2.70,+32.153, +6.982,+0.953
1684832520,+2.70,+32.048, +7.038,+0.954
1684832580,+2.70,+31.969, +7.020,+0.954
1684832640,+2.70,+31.908, +7.027,+0.954
1684832700,+2.70,+31.821, +7.049,+0.954
1684832760,+2.70,+31.681, +7.063,+0.954
1684832820,+2.70,+31.533, +7.091,+0.954
1684832880,+2.70,+31.385, +7.104,+0.954
1684832940,+2.70,+31.237, +7.141,+0.956
1684833000,+2.70,+31.107, +7.160,+0.956
1684833060,+2.70,+30.994, +7.172,+0.956
1684833120,+2.70,+30.881, +7.164,+0.955
1684833180,+2.70,+30.811, +7.179,+0.956
1684833240,+2.70,+30.803, +7.178,+0.955
1684833300,+2.70,+30.785, +7.186,+0.956
1684833360,+2.70,+30.751, +7.189,+0.956
1684833420,+2.70,+30.759, +7.197,+0.957
1684833480,+2.70,+30.742, +7.194,+0.956
1684833540,+2.70,+30.725, +7.199,+0.956
1684833600,+2.70,+30.707, +7.194,+0.956
1684833660,+2.70,+30.725, +7.194,+0.956
1684833720,+2.70,+30.716, +7.203,+0.957
1684833780,+2.70,+30.716, +7.194,+0.956
1684833840,+2.70,+30.655, +7.193,+0.955
1684833900,+2.70,+30.603, +7.219,+0.956
1684833960,+2.70,+30.526, +7.221,+0.956
1684834020,+2.70,+30.474, +7.223,+0.956
1684834080,+2.70,+30.439, +7.222,+0.956
1684834140,+2.70,+30.396, +7.235,+0.956
1684834200,+2.70,+30.404, +7.229,+0.956
1684834260,+2.70,+30.396, +7.220,+0.956
1684834320,+2.70,+30.353, +7.226,+0.956
1684834380,+2.70,+30.344, +7.227,+0.956
1684834440,+2.70,+30.327, +7.221,+0.956
1684834500,+2.70,+30.301, +7.230,+0.956
1684834560,+2.70,+30.275, +7.233,+0.956
1684834620,+2.70,+30.249, +7.240,+0.956
1684834680,+2.70,+30.240, +7.228,+0.955
1684834740,+2.70,+30.214, +7.243,+0.956
1684834800,+2.70,+30.180, +7.250,+0.956
1684834860,+2.70,+30.162, +7.253,+0.956
1684834920,+2.70,+30.119, +7.256,+0.956
1684834980,+2.70,+30.102, +7.254,+0.956
1684835040,+2.70,+30.067, +7.266,+0.956
1684835100,+2.70,+30.050, +7.261,+0.956
1684835160,+2.70,+30.042, +7.267,+0.956
1684835220,+2.70,+30.033, +7.266,+0.956
1684835280,+2.70,+29.998, +7.275,+0.957
1684835340,+2.70,+29.981, +7.282,+0.957
1684835400,+2.70,+29.964, +7.282,+0.957
1684835460,+2.70,+29.973, +7.274,+0.957
1684835520,+2.70,+29.973, +7.271,+0.957
1684835580,+2.70,+29.964, +7.271,+0.956
1684835640,+2.70,+29.973, +7.267,+0.956
1684835700,+2.70,+29.981, +7.272,+0.957
1684835760,+2.70,+29.998, +7.268,+0.957
1684835820,+2.70,+29.981, +7.264,+0.956
1684835880,+2.70,+29.998, +7.266,+0.956
1684835940,+2.70,+30.024, +7.264,+0.957
1684836000,+2.70,+30.007, +7.270,+0.957
1684836060,+2.70,+30.024, +7.266,+0.957
1684836120,+2.70,+30.016, +7.262,+0.956
1684836180,+2.70,+29.964, +7.269,+0.956
1684836240,+2.70,+29.955, +7.270,+0.956
1684836300,+2.71,+29.929, +7.282,+0.957
1684836360,+2.70,+29.929, +7.277,+0.956
1684836420,+2.70,+29.886, +7.275,+0.956
1684836480,+2.70,+29.817, +7.292,+0.956
1684836540,+2.70,+29.757, +7.306,+0.957
1684836600,+2.70,+29.774, +7.300,+0.957
1684836660,+2.70,+29.740, +7.300,+0.956
1684836720,+2.70,+29.714, +7.309,+0.957
1684836780,+2.70,+29.688, +7.318,+0.957
1684836840,+2.70,+29.671, +7.316,+0.957
1684836900,+2.70,+29.654, +7.310,+0.956
1684836960,+2.70,+29.645, +7.312,+0.956
1684837020,+2.70,+29.637, +7.316,+0.956
1684837080,+2.70,+29.662, +7.308,+0.956
1684837140,+2.70,+29.662, +7.308,+0.956
1684837200,+2.70,+29.662, +7.305,+0.956
1684837260,+2.70,+29.680, +7.301,+0.956
1684837320,+2.70,+29.680, +7.314,+0.957
1684837380,+2.70,+29.697, +7.300,+0.956
1684837440,+2.70,+29.705, +7.309,+0.957
1684837500,+2.70,+29.723, +7.302,+0.956
1684837560,+2.70,+29.723, +7.307,+0.957
1684837620,+2.70,+29.714, +7.307,+0.956
1684837680,+2.70,+29.723, +7.301,+0.956
1684837740,+2.70,+29.731, +7.306,+0.956
1684837800,+2.70,+29.723, +7.311,+0.957
1684837860,+2.70,+29.714, +7.307,+0.956
1684837920,+2.70,+29.688, +7.306,+0.956
1684837980,+2.70,+29.671, +7.322,+0.957
1684838040,+2.70,+29.619, +7.320,+0.956
1684838100,+2.70,+29.611, +7.322,+0.956
1684838160,+2.70,+29.602, +7.324,+0.956
1684838220,+2.70,+29.628, +7.313,+0.956
1684838280,+2.70,+29.585, +7.313,+0.956
1684838340,+2.70,+29.619, +7.306,+0.956
1684838400,+2.70,+29.654, +7.307,+0.957
1684838460,+2.70,+29.645, +7.299,+0.956
1684838520,+2.70,+29.645, +7.295,+0.956
1684838580,+2.70,+29.637, +7.293,+0.956
1684838640,+2.70,+29.654, +7.288,+0.957
1684838700,+2.70,+29.654, +7.286,+0.956
1684838760,+2.70,+29.662, +7.277,+0.956
1684838820,+2.70,+29.671, +7.289,+0.957
1684838880,+2.70,+29.662, +7.285,+0.956
1684838940,+2.70,+29.671, +7.283,+0.956
1684839000,+2.70,+29.705, +7.276,+0.956
1684839060,+2.70,+29.705, +7.278,+0.956
1684839120,+2.70,+29.748, +7.263,+0.956
1684839180,+2.70,+29.740, +7.263,+0.956
1684839240,+2.70,+29.766, +7.253,+0.955
1684839300,+2.70,+29.783, +7.278,+0.957
1684839360,+2.70,+29.809, +7.267,+0.956
1684839420,+2.70,+29.835, +7.262,+0.956
1684839480,+2.70,+29.835, +7.252,+0.955
1684839540,+2.71,+29.878, +7.268,+0.957
1684839600,+2.70,+29.895, +7.251,+0.956
1684839660,+2.70,+29.904, +7.247,+0.955
1684839720,+2.70,+29.964, +7.242,+0.956
1684839780,+2.70,+29.981, +7.245,+0.956
1684839840,+2.70,+29.998, +7.240,+0.956
1684839900,+2.70,+30.024, +7.235,+0.956
1684839960,+2.70,+30.024, +7.237,+0.956
1684840020,+2.70,+30.042, +7.231,+0.956
1684840080,+2.70,+30.076, +7.232,+0.956
1684840140,+2.70,+30.067, +7.235,+0.956
1684840200,+2.70,+30.093, +7.218,+0.955
1684840260,+2.70,+30.111, +7.219,+0.955
1684840320,+2.70,+30.119, +7.211,+0.955
1684840380,+2.70,+30.137, +7.222,+0.956
1684840440,+2.70,+30.145, +7.215,+0.955
1684840500,+2.70,+30.145, +7.216,+0.955
1684840560,+2.70,+30.171, +7.219,+0.956
1684840620,+2.70,+30.180, +7.219,+0.956
1684840680,+2.70,+30.180, +7.226,+0.956
1684840740,+2.70,+30.162, +7.218,+0.956
1684840800,+2.70,+30.162, +7.211,+0.955
1684840860,+2.70,+30.188, +7.218,+0.956
1684840920,+2.70,+30.180, +7.207,+0.955
1684840980,+2.70,+30.154, +7.220,+0.956
1684841040,+2.70,+30.145, +7.211,+0.955
1684841100,+2.70,+30.042, +7.232,+0.956
1684841160,+2.70,+29.981, +7.227,+0.955
1684841220,+2.70,+29.929, +7.235,+0.956
1684841280,+2.70,+29.904, +7.236,+0.956
1684841340,+2.70,+29.852, +7.245,+0.956
1684841400,+2.70,+29.826, +7.242,+0.955
1684841460,+2.70,+29.809, +7.234,+0.955
1684841520,+2.70,+29.783, +7.252,+0.955
1684841580,+2.70,+29.757, +7.274,+0.956
1684841640,+2.70,+29.740, +7.263,+0.955
1684841700,+2.70,+29.748, +7.275,+0.956
1684841760,+2.70,+29.748, +7.272,+0.956
1684841820,+2.70,+29.731, +7.280,+0.956
1684841880,+2.70,+29.705, +7.269,+0.956
1684841940,+2.70,+29.680, +7.094,+0.955
1684842000,+2.70,+29.662, +7.247,+0.956
1684842060,+2.70,+29.619, +7.267,+0.955
1684842120,+2.70,+29.602, +7.266,+0.956
1684842180,+2.70,+29.576, +7.272,+0.956
1684842240,+2.70,+29.602, +7.261,+0.956
1684842300,+2.70,+29.602, +7.278,+0.956
1684842360,+2.70,+29.594, +7.268,+0.955
1684842420,+2.70,+29.611, +7.277,+0.956
1684842480,+2.70,+29.619, +7.281,+0.956
1684842540,+2.70,+29.619, +7.277,+0.956
1684842600,+2.70,+29.619, +7.274,+0.956
1684842660,+2.70,+29.637, +7.272,+0.956
1684842720,+2.70,+29.645, +7.279,+0.956
1684842780,+2.70,+29.662, +7.275,+0.956
1684842840,+2.70,+29.688, +7.278,+0.956
1684842900,+2.70,+29.680, +7.269,+0.956
1684842960,+2.70,+29.662, +7.272,+0.955
1684843020,+2.70,+29.662, +7.283,+0.956
1684843080,+2.70,+29.662, +7.270,+0.955
1684843140,+2.70,+29.688, +7.275,+0.956
1684843200,+2.70,+29.671, +7.283,+0.956
1684843260,+2.70,+29.688, +7.270,+0.955
1684843320,+2.70,+29.688, +7.288,+0.956
1684843380,+2.70,+29.688, +7.283,+0.956
1684843440,+2.70,+29.697, +7.280,+0.956
1684843500,+2.70,+29.705, +7.291,+0.956
1684843560,+2.70,+29.748, +7.285,+0.957
1684843620,+2.70,+29.766, +7.267,+0.956
1684843680,+2.70,+29.800, +7.267,+0.955
1684843740,+2.70,+29.852, +7.261,+0.956
1684843800,+2.70,+29.860, +7.251,+0.955
1684843860,+2.70,+29.860, +7.259,+0.956
1684843920,+2.70,+29.878, +7.253,+0.955
1684843980,+2.70,+29.860, +7.259,+0.955
1684844040,+2.70,+29.852, +7.257,+0.955
1684844100,+2.70,+29.817, +7.280,+0.956
1684844160,+2.70,+29.740, +7.289,+0.956
1684844220,+2.70,+29.723, +7.285,+0.955
1684844280,+2.70,+29.740, +7.288,+0.956
1684844340,+2.70,+29.740, +7.281,+0.955
1684844400,+2.70,+29.766, +7.294,+0.957
1684844460,+2.70,+29.843, +7.345,+0.956
1684844520,+2.70,+30.050, +7.358,+0.957
1684844580,+2.70,+30.387, +7.287,+0.955
1684844640,+2.70,+30.716, +7.274,+0.956
1684844700,+2.70,+31.011, +7.270,+0.956
1684844760,+2.70,+31.281, +7.207,+0.955
1684844820,+2.70,+31.577, +7.172,+0.954
1684844880,+2.70,+31.795, +7.124,+0.953
1684844940,+2.70,+31.978, +7.069,+0.954
1684845000,+2.70,+32.048, +7.045,+0.953
1684845060,+2.70,+32.092, +7.051,+0.953
1684845120,+2.70,+32.101, +7.048,+0.953
1684845180,+2.70,+32.101, +7.040,+0.953
1684845240,+2.70,+32.109, +7.048,+0.953
1684845300,+2.70,+32.144, +7.023,+0.953
1684845360,+2.70,+32.179, +7.000,+0.952
1684845420,+2.70,+32.197, +7.001,+0.953
1684845480,+2.70,+32.223, +6.989,+0.953
1684845540,+2.70,+32.223, +7.000,+0.953
1684845600,+2.70,+32.214, +6.997,+0.952
1684845660,+2.70,+32.223, +6.996,+0.953
1684845720,+2.70,+32.241, +6.984,+0.953
1684845780,+2.70,+32.241, +6.991,+0.953
1684845840,+2.70,+32.249, +6.982,+0.953
1684845900,+2.70,+32.241, +6.995,+0.953
1684845960,+2.70,+32.214, +6.982,+0.952
1684846020,+2.70,+32.241, +6.984,+0.953
1684846080,+2.70,+32.241, +7.000,+0.953
1684846140,+2.70,+32.179, +7.006,+0.953
1684846200,+2.70,+32.171, +7.000,+0.953
1684846260,+2.70,+32.101, +6.983,+0.952
1684846320,+2.70,+32.048, +7.014,+0.953
1684846380,+2.70,+31.952, +7.046,+0.953
1684846440,+2.70,+31.891, +7.056,+0.953
1684846500,+2.70,+31.830, +7.063,+0.953
1684846560,+2.70,+31.725, +7.076,+0.953
1684846620,+2.70,+31.655, +7.089,+0.954
1684846680,+2.70,+31.585, +7.108,+0.954
1684846740,+2.70,+31.524, +7.109,+0.953
1684846800,+2.70,+31.481, +7.112,+0.954
1684846860,+2.70,+31.176, +6.958,+0.953
1684846920,+2.70,+30.422, +7.115,+0.955
